YYYY MM DD HH DURATION(hhhh) RECORDS
YYYY MM DD HH MM DURATION(hhmm) LAT LON  HGT(m)  RATE(/h)  AREA(m2)   HEAT(w)
2025 07 01 15 0001 1
2025 07 01 15 00 0100   37.431  -120.282  120.0   7.595E+07  2.255E+06  2.093E+02
2025 07 01 16 0001 1
2025 07 01 16 00 0100   37.361  -120.365   82.0   2.478E+08  9.434E+06  6.820E+02
2025 07 01 17 0001 1
2025 07 01 17 00 0100   37.304  -120.436   57.0   4.490E+08  2.126E+07  1.239E+03
2025 07 01 18 0001 1
2025 07 01 18 00 0100   37.277  -120.476   50.0   6.613E+08  3.927E+07  1.825E+03
2025 07 01 19 0001 1
2025 07 01 19 00 0100   37.260  -120.509   45.0   8.521E+08  6.343E+07  2.351E+03
2025 07 01 20 0001 1
2025 07 01 20 00 0100   37.238  -120.539   42.0   9.408E+08  9.028E+07  2.597E+03
